0000000 012211 020522 103125 071726 074010 146366 007054 163631
0000020 120224 136220 052377 150753 020726 007064 165350 013464
0000040 111153 006713 160114 033215 156750 146115 165372 170076
0000060 056727 107542 131461 031405 044075 144110 137752 147544
0000100 135431 055230 150265 120121 004602 066506 115722 126775
0000120 050623 033515 013557 050343 043531 050363 141370 010660
0000140 063513 174134 107516 161223 103602 000033 042053 045052
0000160 157374 142364 034341 044360 017156 040416 157076 131327
0000200 011272 124654 170130 162661 042020 126076 143145 014324
0000220 051745 141174 043370
0000226
